[[orbit]]
name = "Figure 8"
period = 6.325897
energy = -1.287144
masses = [1, 1, 1]
positions = [[-1,0], [1,0], [0,0]]
velocities = [[0.347113, 0.532727], [0.347113, 0.532727], [-0.694226, -1.065454]]

[[orbit]]
name = "Broucke A 2"
period = 7.702408
energy = -1.751113
masses = [1, 1, 1]
positions = [[0.336130095, 0], [0.7699893804, 0], [-1.1061194753, 0]]
velocities = [[0, 1.532431537], [0, -0.6287350978], [0, -0.9036964391]]

[[orbit]]
name = "Broucke A 15"
period = 92.056119
energy = -0.383678
masses = [1, 1, 1]
positions = [[-1.1889693067, 0], [3.8201881837, 0], [-2.6312188770, 0]]
velocities = [[0, 0.8042120498], [0, 0.0212794833], [0, -0.8254915331]]
